width: 640
height: 480
fx: 520.0
fy: 520.0
cx: 320.0
cy: 240.0
K:
- - 520.0
  - 0.0
  - 320.0
- - 0.0
  - 520.0
  - 240.0
- - 0.0
  - 0.0
  - 1.0
